0.190297
0.191627
0.176943
0.150379
0.121891
0.081449
0.044795
0.0266324
0.0217815
0.0287174
0.0803054
0.203497
0.323603
0.286158
0.172831
0.175535
0.215608
0.186485
0.118431
0.0929206
0.120835
0.134584
0.137989
0.162382
0.180254
0.165647
0.121128
0.0689264
0.0463024
0.0399049
0.0355872
0.0326339
0.0193268
0.0139767
0.0758969
0.241821
0.381164
0.345286
0.233138
0.230693
0.282664
0.259711
0.222184
0.203537
0.145074
0.0667669
0.0343006
0.0851903
0.190701
0.218746
0.127145
0.0475386
0.0802867
0.160142
0.15623
0.112261
0.122019
0.130376
0.11988
0.202631
0.323481
0.277744
0.123929
0.0486705
0.124621
0.272056
0.353536
0.302582
0.137627
0.0430802
0.0808116
0.176128
0.266548
0.248572
0.172873
0.158109
0.15757
0.113707
0.0780912
0.0618003
0.0536718
0.0552707
0.0562289
0.112078
0.189131
0.179435
0.152943
0.139455
0.101977
0.0811181
0.0652325
0.0602167
0.0806516
0.104537
0.191187
0.274109
0.221494
0.155579
0.172365
0.193617
0.243916
0.312983
0.239784
0.115994
0.0899611
0.100771
0.127116
0.205753
0.239823
0.135624
0.0414294
0.026376
0.0185518
0.0106908
0.00841809
0.0127983
0.0288779
0.066143
0.0882918
0.0622981
0.0324782
0.0323829
0.0486584
0.0460003
0.0277138
0.0219365
0.0164494
0.00896668
0.0121292
0.0169639
0.035382
0.0986712
0.135433
0.0912907
0.054869
0.0741266
0.08807
0.0801184
0.0798156
0.0590028
0.0389898
0.0381991
0.0328007
0.0420789
0.0498631
0.0347368
0.0221695
0.0175368
0.0128367
0.0199468
0.0340956
0.0383959
0.0390055
0.0604124
0.0950384
0.122312
0.116168
0.0625306
0.0519887
0.146625
0.208694
0.133334
0.0725746
0.0781953
0.0495293
0.0256657
0.0282189
0.0188276
0.00622822
0.00265275
0.00497684
0.00651412
0.00467981
0.0028701
0.00285077
0.00282265
0.00298493
0.00403595
0.00394456
0.0175733
0.0416039
0.0495299
0.0551711
0.0777828
0.0925486
0.071138
0.0463956
0.0405335
0.0273202
0.0106778
0.00388304
0.00788209
0.0153553
0.0166025
0.0143206
0.0105389
0.00693476
0.00452983
0.00279101
0.00296735
0.00605715
0.00768348
0.00506471
0.00903212
0.0202799
0.0204211
0.00978787
0.00616729
0.00780417
0.00517837
0.00398733
0.0110498
0.0295101
0.0493471
0.0448442
0.028455
0.0492651
0.0942623
0.11152
0.0890581
0.0547932
0.0579779
0.0701748
0.0550276
0.0509635
0.0481713
0.0308259
0.0251461
0.0318447
0.0398176
0.0438729
0.0354881
0.0189278
0.00810178
0.0051315
0.00482276
0.0139375
0.0223222
0.0107873
5.97572e-05
4.51108e-05
1.81615e-05
5.27269e-06
1.17171e-06
5.85855e-07
1.32349e-21
2.11758e-22
9.92617e-24
0
0
-3.38813e-21
2.71051e-20
2.57776e-05
0.000847732
0.00282968
0.00442145
0.00378755
0.00154841
0.000177514
2.92927e-06
6.77626e-20
0
2.1684e-19
0.0021331
0.00539279
0.0148344
0.0315336
0.0294697
0.00951076
2.25514e-17
3.90313e-18
1.6263e-19
0
0
0
0.000568865
0.0229837
0.0671911
0.105989
0.17665
0.266761
0.22694
0.13388
0.154373
0.385404
0.7018
0.646953
0.370681
0.237227
0.14646
0.0549145
0.0127148
0.00744328
0.00587319
0.00261291
0.0017974
0.00180502
0.00195207
0.0216831
0.112402
0.163097
0.0717496
0.102455
0.223895
0.154062
0.109602
0.143945
0.132817
0.215977
0.26431
0.175021
0.134643
0.180741
0.216412
0.280466
0.316369
0.328739
0.425157
0.325706
0.0902322
0.171499
0.361931
0.293916
0.171805
0.103766
0.153073
0.287278
0.24962
0.148831
0.0975208
0.0459041
0.0227482
0.0826852
0.169639
0.156852
0.0909205
0.0592399
0.174732
0.33201
0.27386
0.184346
0.177854
0.12618
0.0614995
0.0398311
0.0349591
0.0228882
0.0232116
0.0485638
0.27815
0.52275
0.389068
0.216903
0.184453
0.108605
0.138534
0.235723
0.168499
0.0611451
0.0471648
0.165115
0.285387
0.265979
0.262783
0.25289
0.213256
0.203652
0.189565
0.240056
0.282629
0.25562
0.262149
0.361055
0.569793
0.617032
0.447861
0.3632
0.414956
0.471588
0.486051
0.514311
0.490082
0.344985
0.243502
0.357916
0.535558
0.520037
0.423661
0.546959
0.632947
0.375371
0.135252
0.120035
0.172162
0.177369
0.224136
0.31156
0.285321
0.217704
0.176879
0.186893
0.239295
0.218483
0.136598
0.128364
0.162128
0.136218
0.146912
0.244477
0.279379
0.239583
0.339947
0.60491
0.675407
0.400957
0.134461
0.0903857
0.112772
0.108815
0.0941826
0.0718088
0.0671331
0.0725013
0.0766585
0.0694443
0.0449983
0.0204903
0.0123727
0.0178194
0.0177614
0.0118436
0.00871869
0.148363
0.343658
0.301367
0.178783
0.154816
0.152147
0.103516
0.0386717
0.0467377
0.103345
0.19444
0.314419
0.325416
0.254604
0.22374
0.20308
0.195927
0.231268
0.218756
0.146898
0.187137
0.284063
0.308326
0.256334
0.159602
0.14225
0.207489
0.232018
0.199485
0.150569
0.0913558
0.0652613
0.11021
0.139953
0.0969144
0.0741217
0.105931
0.138504
0.176746
0.227672
0.275386
0.354857
0.340431
0.200926
0.231527
0.36888
0.32288
0.167373
0.0718996
0.0967357
0.188619
0.228845
0.192143
0.121527
0.0694829
0.056607
0.0541447
0.0442678
0.0332789
0.0350857
0.122433
0.278369
0.347407
0.325978
0.369508
0.435753
0.343067
0.216964
0.263168
0.307056
0.223987
0.176986
0.149904
0.142754
0.259559
0.328814
0.241922
0.169166
0.141821
0.118428
0.185289
0.269514
0.266668
0.218903
0.1499
0.121789
0.148021
0.156433
0.115775
0.0516612
0.0165551
0.0263318
0.102846
0.174651
0.15863
0.104543
0.132557
0.239138
0.246581
0.186329
0.151736
0.126697
0.0921087
0.069135
0.140916
0.229591
0.199633
0.129783
0.131513
0.151534
0.170003
0.185923
0.164334
0.121181
0.0744352
0.0683159
0.108496
0.125467
0.0915884
0.0434077
0.0747791
0.171177
0.17906
0.112399
0.0714573
0.0536209
0.0299331
0.020246
0.0609881
0.108237
0.132362
0.171711
0.191144
0.144846
0.108561
0.132953
0.134612
0.0822265
0.0359146
0.0211083
0.0450001
0.0871845
0.107433
0.133796
0.182324
0.205446
0.204118
0.226128
0.332109
0.432387
0.32364
0.106335
0.0625335
0.149917
0.180663
0.171471
