0.0581937
0.0519272
0.148573
0.209779
0.137624
0.0737632
0.0738974
0.0500045
0.0260969
0.0268176
0.0190039
0.00606572
0.00215541
0.0048242
0.00656014
0.00477528
0.00286915
0.00273117
0.00276952
0.00304241
0.0031539
0.00338549
0.0177173
0.0411138
0.0494776
0.0557828
0.0789424
0.0932235
0.0721823
0.0470406
0.0396006
0.0271694
0.0102331
0.0030787
0.00760629
0.0153586
0.017069
0.014523
0.0105571
0.00688382
0.00434179
0.00257488
0.00294008
0.00613755
0.00737418
0.00488145
0.00930506
0.0204909
0.0206683
0.010121
0.00600125
0.00740011
0.00493741
0.00321252
0.0104683
0.0302915
0.0499817
0.0440678
0.0277123
0.0486939
0.0952001
0.113907
0.0891951
0.0549617
0.0573678
0.0689615
0.0566018
0.051173
0.0473902
0.0309572
0.0243648
0.0313339
0.0404918
0.0446031
0.035893
0.0189471
0.00759486
0.00408822
0.00470613
0.0145712
0.0223176
0.0113432
1.17563e-05
-0.000602565
1.83737e-05
4.21151e-06
6.41118e-07
3.38245e-07
-2.46716e-16
-3.53728e-08
-4.52313e-17
-1.64477e-17
-1.64477e-17
-1.5564e-06
-4.80716e-05
-4.58169e-05
0.000823218
0.00289402
0.00454192
0.00386951
0.0015731
0.000114727
-6.94788e-05
-1.03642e-05
-0.000128969
-6.80218e-05
0.00163105
0.00488657
0.0155941
0.0321759
0.0299717
0.010017
-0.000630838
-0.000574242
-6.5791e-17
1.31582e-16
-3.4347e-05
-0.00131902
-0.000781278
0.0219913
0.0639514
0.105141
0.182571
0.268801
0.227929
0.124383
0.142363
0.395107
0.710015
0.660745
0.381473
0.228651
0.140903
0.0527318
0.00951194
0.00531568
0.0055021
0.00266526
0.00164137
0.000572878
-0.00234247
0.0229172
0.116692
0.158144
0.0748475
0.106634
0.216885
0.160853
0.110815
0.133494
0.137666
0.218594
0.26346
0.178109
0.13232
0.173806
0.218741
0.280173
0.312994
0.341986
0.428295
0.318408
0.0918538
0.167979
0.358606
0.306256
0.167986
0.0953753
0.156365
0.285964
0.25701
0.152661
0.0928149
0.0409056
0.0193985
0.0836904
0.171217
0.160806
0.0852433
0.0546489
0.178853
0.331381
0.281855
0.188967
0.173626
0.126311
0.0612706
0.0376688
0.0331966
0.0218116
0.010132
0.0461461
0.288658
0.524167
0.403473
0.221847
0.169631
0.107164
0.142074
0.234085
0.172789
0.0556024
0.0413869
0.165583
0.284268
0.274817
0.2636
0.251481
0.215322
0.19794
0.190314
0.240358
0.281082
0.254243
0.253493
0.365228
0.576228
0.62168
0.452691
0.357803
0.409266
0.47046
0.491766
0.520776
0.490618
0.339248
0.237051
0.356544
0.536622
0.518436
0.430795
0.554439
0.634146
0.382535
0.130132
0.109288
0.165587
0.177747
0.228489
0.311604
0.290566
0.217133
0.172702
0.188244
0.240423
0.218457
0.13775
0.12752
0.157382
0.134576
0.148486
0.243742
0.2747
0.234155
0.343226
0.615799
0.686668
0.408355
0.129968
0.0785468
0.109404
0.110873
0.0937586
0.0716697
0.0661376
0.0725814
0.077772
0.0701346
0.0450491
0.019675
0.0117154
0.0173542
0.0179251
0.0035773
0.00519001
0.154088
0.345146
0.309757
0.182345
0.151636
0.15184
0.101889
0.0367198
0.0402533
0.0986705
0.198938
0.317615
0.329585
0.258927
0.220512
0.199898
0.198001
0.232285
0.214877
0.147059
0.184756
0.285244
0.315414
0.256146
0.157317
0.139915
0.205948
0.235466
0.203552
0.149558
0.0876881
0.0641797
0.110315
0.139649
0.0980121
0.0728532
0.102292
0.137692
0.176598
0.224989
0.28125
0.360492
0.33583
0.202033
0.232327
0.369047
0.330326
0.166721
0.0642267
0.0925906
0.189215
0.234011
0.195666
0.12121
0.0677328
0.0546898
0.0535831
0.0439429
0.0281812
0.0301719
0.122515
0.27969
0.348732
0.330069
0.375182
0.4364
0.34226
0.219122
0.26043
0.305019
0.23045
0.173604
0.141217
0.144422
0.261503
0.330832
0.248608
0.168074
0.13363
0.117141
0.185097
0.271177
0.273208
0.219147
0.147901
0.120396
0.147703
0.158925
0.116986
0.0503675
0.0107742
0.0239062
0.10412
0.177234
0.158976
0.102098
0.133585
0.238482
0.251018
0.18984
0.150763
0.125419
0.0869641
0.0674136
0.142357
0.23098
0.202474
0.131088
0.127285
0.150583
0.172362
0.187379
0.166816
0.12003
0.0718566
0.0672643
0.108771
0.127732
0.0898554
0.0403451
0.0753202
0.171751
0.182851
0.115504
0.0702576
0.0513806
0.0272416
0.0190077
0.0593395
0.106925
0.13496
0.17476
0.191742
0.145151
0.109329
0.132553
0.135618
0.0835873
0.0332114
0.0181016
0.043988
0.0857109
0.107419
0.134961
0.182462
0.205571
0.200524
0.225063
0.339659
0.439285
0.325784
0.104969
0.0570437
0.144537
0.158107
0.121996
0.103032